852  890  257
91  826  609
806  154  808
947  710  269
999  150  135
291  838  260
347  728  885
481  454  779
518  339  139
767  914  644
519  946  650
561   56  988
485   44   40
42  839  457
518  845  490
121  535  452
392  674  242
502  361  491
838  170  716
828  458  249
260  528  618
359  825  228
494  786  183
701  160  315
568  437   13
577  367  383
65  235  376
134  948  942
151  468  204
67  819  813
90  396  447
688  334  528
706  319  398
609  530  604
564  129  561
932  584   43
653   30   91
262  657  302
389  628  375
9  664  564
764  101  568
754  730  927
650  910   57
51  379   96
616  820  112
100  564   98
688  835  659
720  466  647
262  893  400
425  104  167
388  919  466
257  765   50
197  717  734
101  750  750
412  526  261
382  762  382
209  361  315
470  712  398
447  641   40
390  267  438
441   98  446
402  836  333
678  925  255
835   35  166
471  665  859
390  699  875
551  523  235
691  639  263
879  647   53
331  413  118
154  477  970
389  406  916
811  948  239
408  217  244
868  943  404
349  276  792
236  585  481
320  656  546
835  769  804
161  728  778
948  729   65
835  164  940
692  211  148
434   58  920
524  174   30
572  233   25
50   94    8
554  421  618
338  274  638
346  188  656